DATA SHAPE :  (20, 299, 50)

SEED =  420
N_INPUT_NEURONS =  1
N_HIDDEN_NEURONS =  1
N_INPUT_FEATURES =  1
N_EPOCHS =  10

naive forecasting loss:  37.17758310518732
linear regression forecasting loss:  1.5559297800064087

BEST MODEL FOUND :  linear_regression_forecasting

LOSS :  1.5559297800064087
test

BATCH 16 PREDICTION (time differenced):  [ 3.6394572  -2.879727   -0.11157486  0.4822817   0.2332419  -2.8548384
 -0.9972625  -0.49095336  0.29488474 -1.8287835   1.9482442  -1.4079967
  0.17303476  1.8833383  -0.981036   -0.78516376  1.9196676   0.3604006
  0.03966294 -1.8183335   0.88100463  0.65430135  3.487526    1.1217737
 -1.1203976  -1.0409398  -3.6706338  -1.6616441  -3.5477948  -0.880829
  0.79767823 -1.3882054   0.07919368 -0.2786014   0.8343206  -1.7953852
  1.1014453   1.1488092   1.1051911  -0.1823615  -0.16339798 -0.70100164
 -1.2073389  -0.5974446  -0.0098264  -0.8711632   1.5404197   0.00542651
  2.8698916  -0.6381853  -1.6746384  -0.07214525  2.6642716   0.43035167
  1.648403    1.8616042  -1.8912321   1.4568696   1.0627928  -1.7308949
  0.16156468  3.1841023  -1.1538059  -0.43978965  0.6910038   0.03843077
  0.3163306   0.1443288  -0.29129767 -1.9398831   2.25823    -2.125699
 -0.40217248 -0.05947684  1.2827635  -2.7350996   0.01397045 -1.7609844
 -2.9104743  -0.30636296  1.1581101   2.178809    0.4484945  -0.35777992
  1.6799141   1.5769567  -0.1820602   3.1690977   1.2909073  -2.1316817
 -2.980069    1.2142487   0.77850634  0.6275526   2.1312666  -1.5048724
 -0.83016235  1.5443673  -0.29814997]

BATCH 16 PREDICTION (reverse differenced):  [83.80945539 87.44891262 84.56918573 84.45761088 84.93989259 85.17313449
 82.31829612 81.32103364 80.83008029 81.12496503 79.29618151 81.24442573
 79.83642907 80.00946383 81.89280216 80.91176616 80.1266024  82.04627
 82.40667059 82.44633352 80.62800002 81.50900465 82.16330599 85.65083193
 86.77260565 85.65220809 84.61126828 80.94063449 79.27899038 75.73119557
 74.85036659 75.64804482 74.25983941 74.33903309 74.06043169 74.89475229
 73.09936705 74.20081237 75.34962156 76.45481267 76.27245117 76.10905319
 75.40805155 74.20071262 73.60326802 73.59344163 72.72227844 74.26269814
 74.26812464 77.13801629 76.49983097 74.82519258 74.75304732 77.41731892
 77.84767059 79.49607364 81.35767785 79.46644572 80.92331532 81.9861081
 80.25521318 80.41677785 83.60088015 82.4470743  82.00728465 82.69828845
 82.73671921 83.05304983 83.19737863 82.90608095 80.96619784 83.22442781
 81.09872877 80.69655629 80.63707945 81.91984293 79.18474338 79.19871382
 77.4377294  74.5272551  74.22089215 75.37900229 77.55781121 78.00630571
 77.64852579 79.32843991 80.90539665 80.72333646 83.89243412 85.18334138
 83.0516597  80.07159078 81.28583944 82.06434578 82.6918984  84.823165
 83.31829256 82.48813021 84.03249752 83.73434755]
test

BATCH 17 PREDICTION (time differenced):  [-1.27125382e+00 -2.43031240e+00  2.88616776e+00 -7.40486085e-02
  1.33482683e+00  1.56238389e+00 -2.10123467e+00  1.72520173e+00
  1.98216128e+00 -7.95826793e-01 -2.76372457e+00 -7.19031155e-01
 -1.97200418e+00  3.05245489e-01 -2.04088420e-01  2.95995116e+00
 -3.58106196e-01  1.04381600e-02 -2.56158710e+00 -1.07008712e-02
 -5.37359059e-01 -5.82474053e-01  1.34582686e+00  5.52713037e-01
  7.74486899e-01  7.10372806e-01  3.51208866e-01 -4.31821436e-01
 -3.06747174e+00  1.98499644e+00  1.30610824e-01  7.07854480e-02
  1.14794576e+00  8.48188438e-03  1.56504130e+00  2.13509910e-02
  3.02111730e-04  2.63220882e+00 -1.95755541e+00 -1.80754280e+00
  1.20181620e-01 -2.57953143e+00 -9.24819708e-01  2.83711529e+00
  5.65306365e-01 -3.15232545e-01  1.45971239e+00 -1.01795340e+00
 -1.05076849e+00 -1.06950736e+00 -5.02624094e-01 -1.19687712e+00
 -1.60023105e+00  7.27225184e-01 -8.29564154e-01  5.01645088e-01
 -1.39724278e+00 -5.46111584e-01  1.21396589e+00  6.19390488e-01
  6.34248331e-02 -1.28345513e+00  2.59453630e+00  1.76649594e+00
 -1.10585082e+00 -3.38328093e-01  1.26349020e+00  6.50623739e-02
 -1.50790334e+00  1.71383882e+00 -3.38792771e-01  2.33243775e+00
 -1.07393754e+00 -1.87976611e+00 -1.38082957e+00  1.66255689e+00
  1.10692644e+00  2.22335601e+00 -1.02765214e+00 -3.77865583e-01
 -1.21804965e+00 -7.57133424e-01 -2.69726757e-03 -4.86599493e+00
  3.88904303e-01  3.38334255e-02 -1.88788152e+00  9.04963672e-01
 -2.94964290e+00 -2.00199604e+00 -2.52728748e+00  8.95810008e-01
 -7.15693474e-01 -8.50351930e-01  1.09087154e-01  1.34396970e+00
 -1.56541753e+00  5.77840805e-01 -2.28323746e+00]

BATCH 17 PREDICTION (reverse differenced):  [95.22874618 93.95749235 91.52717996 94.41334772 94.33929911 95.67412594
 97.23650983 95.13527516 96.86047688 98.84263816 98.04681137 95.28308681
 94.56405565 92.59205148 92.89729697 92.69320855 95.65315971 95.29505351
 95.30549167 92.74390458 92.73320371 92.19584465 91.61337059 92.95919746
 93.51191049 94.28639739 94.9967702  95.34797907 94.91615763 91.84868589
 93.83368232 93.96429315 94.0350786  95.18302436 95.19150624 96.75654755
 96.77789854 96.77820065 99.41040947 97.45285406 95.64531126 95.76549288
 93.18596145 92.26114174 95.09825703 95.66356339 95.34833085 96.80804323
 95.79008984 94.73932134 93.66981398 93.16718989 91.97031277 90.37008172
 91.0973069  90.26774275 90.76938783 89.37214505 88.82603347 90.03999936
 90.65938985 90.72281468 89.43935955 92.03389585 93.80039179 92.69454098
 92.35621288 93.61970308 93.68476546 92.17686212 93.89070094 93.55190817
 95.88434592 94.81040838 92.93064228 91.5498127  93.21236959 94.31929603
 96.54265204 95.5149999  95.13713431 93.91908467 93.16195124 93.15925398
 88.29325905 88.68216335 88.71599677 86.82811526 87.73307893 84.78343603
 82.78143999 80.25415251 81.14996252 80.43426904 79.58391711 79.69300427
 81.03697397 79.47155644 80.04939725 77.76615979]
test

BATCH 18 PREDICTION (time differenced):  [ -2.269254     2.5368323   -1.5540102    2.0240884   -0.36902755
  -3.9955823    4.3626113    7.8707714   -1.3460091    8.786675
  -1.4783555   -6.8812222   -8.725297    -4.6640162    1.5873424
 -10.629668     3.3007293   -3.639675     4.457153     0.67782414
   1.7819237   -9.080366    -3.6231732   -8.307168    -1.3250251
 -11.365214     3.5913272   -0.5959006   -9.409967    -2.6809533
  -4.9413767   -5.3472543    1.0152806   -2.5072079   -3.2512646
  -2.5684946   -2.778764   -10.962343     4.2232747    1.8672997
   2.60218      1.4745547   -7.203298     7.398272     3.459737
   6.639265    -2.2271917    8.4126835    7.4263115   -1.2820398
   2.4677804   -4.6587825    0.15191829   3.1911764    6.70118
   6.71907     10.3619585   -0.09267903  -0.2353272   -0.9408099
   4.8103185   -4.4165635    1.9397043   -5.4502306   -0.45794922
   0.01954569   2.0129004    2.6819668   -0.97713244   6.5132923
  -6.2185774    8.386189     5.3649154    0.08099554  -5.854292
  -3.2967348   -7.269871    -0.72430146   6.152807    -2.8764622
   9.665314    -2.446666     2.4648752    0.9892856   -0.98385817
  -7.4988613   -3.8801541   -5.30313      1.0503644   -0.6931303
   3.2704391    1.1160766   -6.5902224   -2.1838121   -9.799466
   0.8851151   -4.3155217    9.162395    -0.615911  ]

BATCH 18 PREDICTION (reverse differenced):  [151.45074725 149.18149328 151.71832561 150.16431546 152.18840384
 151.81937629 147.82379395 152.18640524 160.05717665 158.71116751
 167.49784297 166.01948744 159.13826519 150.41296822 145.74895197
 147.33629435 136.70662612 140.00735539 136.36768049 140.82483333
 141.50265747 143.28458112 134.20421499 130.58104175 122.27387375
 120.94884866 109.58363432 113.17496151 112.57906091 103.16909349
 100.48814023  95.54676354  90.19950926  91.21478987  88.707582
  85.45631742  82.88782287  80.10905886  69.14671564  73.36999035
  75.23729002  77.83947003  79.31402469  72.11072659  79.50899863
  82.96873569  89.60800076  87.38080907  95.79349256 103.21980405
 101.93776429 104.40554464  99.74676216  99.89868045 103.08985686
 109.79103684 116.5101068  126.87206531 126.77938627 126.54405908
 125.60324917 130.41356764 125.99700413 127.93670843 122.48647783
 122.02852861 122.0480743  124.06097465 126.74294143 125.76580899
 132.2791013  126.06052392 134.44671338 139.81162875 139.8926243
 134.03833238 130.74159757 123.47172634 122.74742488 128.90023211
 126.02376989 135.68908361 133.24241761 135.70729283 136.69657842
 135.71272025 128.21385894 124.33370481 119.03057466 120.08093903
 119.38780872 122.65824787 123.77432445 117.1841021  115.00028995
 105.20082382 106.08593891 101.77041719 110.93281171 110.31690071]
test

BATCH 19 PREDICTION (time differenced):  [ -3.8535197    2.051429     4.5742846   -5.463313    10.654108
  -3.0600514   -2.591078    -0.58618176  -0.1686479    0.7339844
  -1.1627266    1.8421607    0.47929344   0.5063034   -5.284088
  -1.200851    -8.488273     2.876217    -1.1813926    2.9845479
   2.1707199    8.432186    -4.88895      4.855729     6.6939096
  10.753079     1.0647736    3.6710505    1.0158132    3.2497146
  -1.0670346   -7.422582     0.8058436   -3.4460282   -3.5931718
  -0.16793603  -6.299073    -7.9914627    3.2749176    4.3319173
  -7.0864882  -10.904399    -8.09603     -6.411301    -6.9011555
   9.789514     1.0293895    0.24693371  -1.9736813    6.0617642
   3.6650772    1.5218308    7.7961216    2.3883128   -2.4127526
   6.220834    -1.8413038   -1.8665421    6.3883467    0.7662212
  -1.369191    -9.726779     2.7737484   -8.9708      -1.525228
  -0.89195794  -4.2147527    1.5358857    0.40684295   2.090714
  10.407373     0.5037449   -5.0319386    3.6911922   -3.9961944
  16.155846    -3.3249109   -5.7907715   15.424396     2.8921988
   1.3186904    2.7195106    4.1751256    3.8651865   -0.05271524
   1.7819676  -11.58822      2.5995111    2.8429742   -1.5820782
   4.3641143   -7.5083075   -6.7763314    4.2065177   -6.287904
  -0.11865887   5.7144732    1.4423208   -0.34404796]

BATCH 19 PREDICTION (reverse differenced):  [215.69648337 211.8429637  213.89439273 218.46867728 213.00536418
 223.65947223 220.59942079 218.00834274 217.42216098 217.25351308
 217.98749749 216.82477085 218.66693155 219.14622499 219.65252842
 214.36844029 213.16758932 204.67931665 207.55553354 206.37414099
 209.35868885 211.52940871 219.96159483 215.07264496 219.92837407
 226.62228371 237.37536313 238.44013669 242.11118723 243.12700047
 246.37671508 245.30968048 237.88709833 238.69294192 235.24691369
 231.65374185 231.48580582 225.18673261 217.1952699  220.4701875
 224.80210479 217.71561654 206.81121762 198.71518739 192.30388625
 185.40273078 195.19224437 196.22163387 196.46856758 194.49488625
 200.55665049 204.2217277  205.7435585  213.53968009 215.92799291
 213.51524028 219.73607406 217.89477023 216.02822813 222.41657481
 223.18279603 221.81360498 212.086826   214.86057439 205.88977399
 204.36454597 203.47258803 199.25783536 200.79372105 201.200564
 203.29127797 213.6986514  214.2023963  209.17045775 212.8616499
 208.86545554 225.02130118 221.6963903  215.90561882 231.33001438
 234.22221318 235.5409036  238.26041415 242.43553975 246.30072621
 246.24801096 248.0299786  236.44175896 239.04127011 241.88424429
 240.30216607 244.66628036 237.1579729  230.38164148 234.58815917
 228.30025539 228.18159652 233.89606977 235.33839059 234.99434263]
